4
22
0
0
0
0
0
0
45
0
4
0
8
8
0
0
0
0
0
0
0
0
0
1
83
0
0
0
0
0
0
0
0
5
0
0
88
14
0
33
0
25
6
0
0
10
15
29
31
11
0
0
0
15
3
0
28
0
19
3
2
0
0
18
0
0
0
0
20
0
1
0
14
11
0
0
0
6
25
0
0
0
0
0
32
0
0
0
0
0
0
0
0
0
0
0
0
0
0
0
0
0
0
0
0
0
0
0
0
0
0
0
0
0
0
0
0
0
0
0
0
0
0
0
0
0
0
0
0
0
0
0
0
0
0
0
0
0
0
0
0
0
0
0
0
0
0
0
0
0
0
0
0
0
0
0
0
0
0
0
0
0
0
0
0
0
0
0
0
0
0
0
0
0
0
0
0
0
0
0
0
0
0
0
0
0
0
0
0
0
0
0
0
0
0
0
0
0
0
0
0
0
0
0
0
0
0
0
0
0
0
0
0
0
0
0
0
0
0
0
0
0
0
0
0
0
0
0
0
0
0
0
0
0
0
0
0
0
0
0
0
0
0
0
0
0
0
0
0
0
0
0
0
0
0
0
0
0
0
0
0
0
0
0
0
0
0
0
0
0
0
0
0
0
0
0
0
0
0
0
0
0
0
0
0
0
0
0
0
0
0
0
0
0
0
0
0
0
0
0
0
0
0
0
0
0
0
0
0
0
0
0
0
0
0
0
0
0
0
0
0
0
0
0
0
0
0
0
0
0
0
0
0
0
0
0
0
0
0
0
7
0
0
0
0
0
19
0
0
5
0
0
22
0
0
0
0
0
0
0
0
35
0
0
0
10
0
0
0
26
0
0
20
14
0
6
0
0
0
0
0
62
0
0
0
0
0
0
0
0
0
9
0
0
0
0
20
0
0
0
8
0
0
26
1
6
0
0
13
10
0
0
4
1
0
0
0
0
2
42
0
12
5
0
0
0
0
0
0
0
4
0
0
18
0
0
0
21
0
10
0
0
0
0
0
0
7
0
0
0
2
0
0
0
0
0
0
0
0
0
0
0
0
3
0
0
0
0
0
0
0
0
0
0
0
0
0
0
0
0
0
0
0
0
0
0
0
0
0
0
0
0
0
0
0
0
0
0
0
0
0
0
0
0
0
0
0
0
0
0
0
0
0
0
0
0
0
0
0
0
0
0
0
0
0
0
0
0
0
0
0
0
0
0
0
0
0
0
0
0
0
0
0
0
0
0
0
0
0
0
0
0
0
0
0
0
0
0
0
0
0
0
0
0
0
0
0
0
0
0
0
0
0
0
0
0
0
0
0
0
0
0
0
0
0
0
0
0
0
0
0
0
0
0
0
0
0
0
0
0
0
0
0
0
0
0
0
0
0
0
0
0
0
0
0
0
0
0
0
0
0
0
0
0
0
0
0
0
0
0
0
0
0
0
0
0
0
0
0
0
0
0
0
0
0
0
0
0
0
0
0
0
0
0
0
0
0
0
0
0
0
0
0
0
0
0
0
0
0
0
0
0
0
0
0
0
0
0
0
0
0
0
0
0
0
0
0
0
0
0
0
0
0
0
0
0
0
0
0
0
0
0
0
0
0
0
0
0
0
0
0
0
0
0
0
0
0
0
0
0
0
0
0
0
0
0
0
0
0
0
0
0
0
10
0
0
2
0
0
0
0
20
0
0
0
0
43
0
5
0
0
32
0
9
0
0
0
0
8
21
2
0
0
3
1
0
0
3
12
0
0
8
0
0
6
5
4
0
1
0
23
22
0
0
0
0
0
13
0
0
0
0
0
0
0
0
0
0
0
0
0
0
5
0
0
17
0
12
0
0
0
0
0
0
0
3
0
0
5
5
0
0
10
1
0
1
0
1
0
0
0
0
1
1
0
0
0
0
0
0
0
0
0
0
0
0
0
0
