5
17
0
0
0
0
3
7
32
0
0
0
0
0
0
53
0
7
0
24
18
0
0
0
0
14
0
0
2
0
2
50
0
0
0
0
0
0
0
0
2
0
0
29
22
0
28
0
11
8
0
0
13
10
17
59
8
0
0
1
8
10
0
29
0
38
6
1
0
0
0
4
0
0
0
8
0
6
2
0
24
0
0
0
0
39
0
0
0
0
0
58
0
0
0
0
0
0
0
0
0
0
0
0
0
0
0
0
0
0
0
0
0
0
0
0
0
0
0
0
0
0
0
0
0
0
0
0
0
0
0
0
0
0
0
0
0
0
0
0
0
0
0
0
0
0
0
0
0
0
0
0
0
0
0
0
0
0
0
0
0
0
0
0
0
0
0
0
0
0
0
0
0
0
0
0
0
0
0
0
0
0
0
0
0
0
0
0
0
0
0
0
0
0
0
0
0
0
0
0
0
0
0
0
0
0
0
0
0
0
0
0
0
0
0
0
0
0
0
0
0
0
0
0
0
0
0
0
0
0
0
0
0
0
0
0
0
0
0
0
0
0
0
0
0
0
0
0
0
0
0
0
0
0
0
0
0
0
0
0
0
0
0
0
0
0
0
0
0
0
0
0
0
0
0
0
0
0
0
0
0
0
0
0
0
0
0
0
0
0
0
0
0
0
0
0
0
0
0
0
0
0
0
0
0
0
0
0
0
0
0
0
0
0
0
0
0
0
0
0
0
0
0
0
0
0
0
0
0
0
0
0
0
0
0
0
0
0
0
0
0
0
0
0
0
0
9
4
0
0
0
0
0
30
0
1
5
0
0
13
0
0
0
0
0
0
0
0
0
44
0
0
5
0
0
0
22
0
0
0
6
0
5
0
0
0
0
0
7
0
0
0
0
0
1
0
0
2
12
0
0
0
0
18
0
0
0
13
0
0
25
0
24
0
0
8
4
0
0
2
2
0
0
0
2
30
30
0
14
6
0
0
0
0
0
2
0
17
0
0
0
0
0
0
15
0
2
0
0
0
22
0
0
0
0
11
0
3
0
0
0
0
2
0
0
0
0
0
23
0
13
0
0
0
0
2
0
0
0
0
0
0
0
0
0
0
0
0
0
0
0
0
0
0
0
0
0
0
0
0
0
0
0
0
0
0
0
0
0
0
0
0
0
0
0
0
0
0
0
0
0
0
0
0
0
0
0
0
0
0
0
0
0
0
0
0
0
0
0
0
0
0
0
0
0
0
0
0
0
0
0
0
0
0
0
0
0
0
0
0
0
0
0
0
0
0
0
0
0
0
0
0
0
0
0
0
0
0
0
0
0
0
0
0
0
0
0
0
0
0
0
0
0
0
0
0
0
0
0
0
0
0
0
0
0
0
0
0
0
0
0
0
0
0
0
0
0
0
0
0
0
0
0
0
0
0
0
0
0
0
0
0
0
0
0
0
0
0
0
0
0
0
0
0
0
0
0
0
0
0
0
0
0
0
0
0
0
0
0
0
0
0
0
0
0
0
0
0
0
0
0
0
0
0
0
0
0
0
0
0
0
0
0
0
0
0
0
0
0
0
0
0
0
0
0
0
0
0
0
0
0
0
0
0
0
0
0
0
0
0
0
0
0
0
0
0
0
2
0
0
0
0
0
0
0
0
0
0
0
0
0
0
0
0
0
0
0
0
0
0
0
10
0
0
0
0
0
0
48
0
0
0
0
1
1
12
1
0
48
0
32
0
13
0
0
50
1
13
0
0
0
2
0
0
2
0
61
0
7
0
0
9
0
6
7
0
0
28
14
0
0
0
0
0
19
0
0
0
0
0
0
0
0
0
0
0
0
0
0
6
0
0
12
0
5
0
0
0
0
0
0
0
0
0
0
14
1
0
0
10
1
0
0
0
0
0
0
0
0
0
0
0
0
0
0
0
0
0
0
0
0
0
0
0
0
