3
0
12
8
13
0
0
0
0
0
0
33
0
27
0
4
10
0
0
0
0
0
1
0
0
0
2
0
0
0
0
0
0
0
0
0
1
0
0
85
0
2
33
1
10
4
0
0
11
0
18
34
5
0
0
17
22
12
55
26
1
13
0
0
0
0
27
0
0
1
0
40
0
3
11
0
36
0
0
0
2
15
0
0
1
0
0
21
0
0
0
0
0
0
0
0
0
0
0
0
0
0
0
0
0
0
0
0
0
0
0
0
0
0
0
0
0
0
0
0
0
0
0
0
0
0
0
0
0
0
0
0
0
0
0
0
0
0
0
0
0
0
0
0
0
0
0
0
0
0
0
0
0
0
0
0
0
0
0
0
0
0
0
0
0
0
0
0
0
0
0
0
0
0
0
0
0
0
0
0
0
0
0
0
0
0
0
0
0
0
0
0
0
0
0
0
0
0
0
0
0
0
0
0
0
0
0
0
0
0
0
0
0
0
0
0
0
0
0
0
0
0
0
0
0
0
0
0
0
0
0
0
0
0
0
0
0
0
0
0
0
0
0
0
0
0
0
0
0
0
0
0
0
0
0
0
0
0
0
0
0
0
0
0
0
0
0
0
0
0
0
0
0
0
0
0
0
0
0
0
0
0
0
0
0
0
0
0
0
0
0
0
0
0
0
0
0
0
0
0
0
0
0
0
0
0
0
0
0
0
0
0
0
0
0
0
0
0
0
0
0
0
0
0
0
0
0
0
0
0
0
0
0
0
0
0
0
0
0
20
0
0
0
3
0
0
0
0
0
17
0
4
7
0
0
11
0
0
0
0
0
0
0
0
0
34
0
0
0
5
0
0
41
0
0
31
0
0
3
0
0
0
0
0
54
0
0
0
0
0
4
0
0
1
0
0
0
0
3
32
0
0
0
13
0
0
13
0
5
0
0
18
5
0
0
1
5
0
0
0
0
1
7
0
24
3
0
0
0
0
0
0
0
18
0
0
0
0
0
0
19
0
3
0
0
0
0
0
8
0
0
0
0
5
0
1
0
0
0
0
0
0
0
0
8
0
0
0
0
0
0
0
0
0
0
0
0
0
0
0
0
0
0
0
0
0
0
0
0
0
0
0
0
0
0
0
0
0
0
0
0
0
0
0
0
0
0
0
0
0
0
0
0
0
0
0
0
0
0
0
0
0
0
0
0
0
0
0
0
0
0
0
0
0
0
0
0
0
0
0
0
0
0
0
0
0
0
0
0
0
0
0
0
0
0
0
0
0
0
0
0
0
0
0
0
0
0
0
0
0
0
0
0
0
0
0
0
0
0
0
0
0
0
0
0
0
0
0
0
0
0
0
0
0
0
0
0
0
0
0
0
0
0
0
0
0
0
0
0
0
0
0
0
0
0
0
0
0
0
0
0
0
0
0
0
0
0
0
0
0
0
0
0
0
0
0
0
0
0
0
0
0
0
0
0
0
0
0
0
0
0
0
0
0
0
0
0
0
0
0
0
0
0
0
0
0
0
0
0
0
0
0
0
0
0
0
0
0
0
0
0
0
0
0
0
0
0
0
0
0
0
0
0
0
0
0
0
0
0
0
0
0
0
0
0
0
0
0
0
0
0
0
0
4
0
0
0
0
0
0
0
0
0
0
0
0
0
0
0
0
0
0
0
3
0
0
0
10
0
4
0
0
1
0
0
0
0
0
0
4
0
0
2
0
4
0
10
0
0
0
0
22
0
0
0
6
0
0
0
0
5
0
34
0
3
0
2
6
0
6
13
0
0
16
11
0
0
0
0
0
1
0
0
1
0
0
0
0
0
0
0
0
0
0
0
3
1
0
11
0
7
1
0
0
0
0
0
0
0
0
0
6
0
0
0
1
5
0
0
0
0
0
0
0
0
0
0
0
0
0
0
0
0
0
0
0
0
0
0
0
0
