21
0
0
0
0
0
0
25
0
3
0
15
10
0
0
0
0
0
0
7
0
0
1
17
0
0
0
0
0
13
0
0
0
0
0
18
15
0
26
0
10
14
0
0
22
0
30
14
3
0
0
4
20
15
0
20
0
20
0
0
0
0
3
0
0
0
0
39
0
2
0
0
23
0
0
0
0
30
0
0
0
0
0
11
0
0
0
0
0
0
0
0
0
0
0
0
0
0
0
0
0
0
0
0
0
0
0
0
0
0
0
0
0
0
0
0
0
0
0
0
0
0
0
0
0
0
0
0
0
0
0
0
0
0
0
0
0
0
0
0
0
0
0
0
0
0
0
0
0
0
0
0
0
0
0
0
0
0
0
0
0
0
0
0
0
0
0
0
0
0
0
0
0
0
0
0
0
0
0
0
0
0
0
0
0
0
0
0
0
0
0
0
0
0
0
0
0
0
0
0
0
0
0
0
0
0
0
0
0
0
0
0
0
0
0
0
0
0
0
0
0
0
0
0
0
0
0
0
0
0
0
0
0
0
0
0
0
0
0
0
0
0
0
0
0
0
0
0
0
0
0
0
0
0
0
0
0
0
0
0
0
0
0
0
0
0
0
0
0
0
0
0
0
0
0
0
0
0
0
0
0
0
0
0
0
0
0
0
0
0
0
0
0
0
0
0
0
0
0
0
0
0
0
0
0
0
0
0
0
0
0
0
0
0
0
0
0
0
0
0
0
0
0
0
0
0
0
0
0
0
0
0
0
0
0
0
0
0
0
0
0
0
0
0
0
45
0
0
5
0
0
0
0
0
0
0
0
0
0
0
0
0
0
0
11
0
0
0
25
0
0
0
16
0
1
0
0
0
0
0
36
0
0
0
0
0
2
0
0
0
0
0
0
0
1
4
0
0
0
18
0
0
18
0
8
0
0
19
3
0
0
8
0
0
0
0
0
26
9
0
6
1
0
0
0
0
0
0
0
2
0
0
0
0
0
0
22
0
3
0
0
0
0
5
0
6
0
0
0
11
0
0
0
0
0
0
0
0
0
0
2
0
0
0
0
2
0
0
0
0
0
0
0
0
0
0
0
0
0
0
0
0
0
0
0
0
0
0
0
0
0
0
0
0
0
0
0
0
0
0
0
0
0
0
0
0
0
0
0
0
0
0
0
0
0
0
0
0
0
0
0
0
0
0
0
0
0
0
0
0
0
0
0
0
0
0
0
0
0
0
0
0
0
0
0
0
0
0
0
0
0
0
0
0
0
0
0
0
0
0
0
0
0
0
0
0
0
0
0
0
0
0
0
0
0
0
0
0
0
0
0
0
0
0
0
0
0
0
0
0
0
0
0
0
0
0
0
0
0
0
0
0
0
0
0
0
0
0
0
0
0
0
0
0
0
0
0
0
0
0
0
0
0
0
0
0
0
0
0
0
0
0
0
0
0
0
0
0
0
0
0
0
0
0
0
0
0
0
0
0
0
0
0
0
0
0
0
0
0
0
0
0
0
0
0
0
0
0
0
0
0
0
0
0
0
0
0
0
0
0
0
0
0
0
0
0
0
0
0
0
0
0
0
0
0
0
0
0
0
0
0
0
0
0
0
0
0
4
0
2
0
0
0
0
0
0
0
2
0
0
0
0
0
0
0
0
0
0
0
5
0
0
0
15
0
2
0
0
0
0
0
0
0
0
4
18
0
23
2
0
10
0
26
0
2
0
0
39
5
0
0
12
0
2
0
0
3
0
44
0
9
0
0
11
0
5
11
1
0
1
7
0
0
0
0
1
1
0
0
0
0
0
0
1
1
1
1
0
0
0
0
4
0
0
7
0
6
0
0
0
0
0
0
0
3
1
0
4
0
0
0
1
1
0
0
1
0
0
0
0
1
0
0
0
0
0
0
0
0
0
0
0
0
0
0
0
0
0
0
0
0
0
0
0
0
0
0
0
0
0
0
0
0
0
0
0
0
0
0
0
0
0
0
0
0
0
0
0
0
0
0
0
0
0
0
0
0
0
0
0
0
0
0
0
0
0
0
0
0
0
0
0
0
0
0
0
0
0
0
0
0
0
0
0
0
0
0
0
0
0
0
0
0
0
0
0
0
0
0
0
0
0
0
0
0
0
0
0
0
0
0
0
0
0
0
0
0
0
0
0
0
0
0
0
0
0
0
0
0
0
0
0
0
0
0
0
0
0
0
0
0
0
0
0
0
0
0
0
0
0
0
0
0
0
0
0
0
0
0
0
0
0
0
0
0
0
0
0
0
0
0
0
0
0
0
0
0
0
0
0
0
0
0
0
0
0
0
0
0
0
0
0
0
0
0
0
0
0
0
0
0
0
0
0
0
0
0
0
0
0
0
0
0
2
0
0
0
0
0
0
0
0
0
0
0
0
0
0
0
0
0
0
0
0
0
0
0
0
0
0
0
0
0
0
0
0
0
0
0
0
0
0
0
0
0
0
0
0
0
0
0
0
0
0
0
5
0
0
0
0
24
0
11
0
0
0
0
1
7
8
0
0
47
0
2
0
0
0
22
0
0
11
0
34
0
0
0
0
22
37
6
2
0
14
0
0
0
0
0
0
18
16
12
2
0
40
15
9
16
6
6
0
0
0
0
2
0
5
3
0
0
16
0
0
0
2
0
0
0
0
0
0
4
0
14
0
1
0
0
0
0
0
34
0
0
3
0
0
20
0
0
27
2
0
0
0
0
0
0
0
0
0
0
0
0
0
0
0
0
0
0
0
0
0
0
0
0
0
0
0
0
0
0
0
0
0
0
0
0
0
0
0
0
0
0
0
0
0
0
0
0
0
0
0
0
0
0
0
0
0
0
0
0
0
0
0
0
0
0
0
0
0
0
0
0
0
0
0
0
0
0
0
0
0
0
0
0
0
0
0
0
0
0
0
0
0
0
0
0
0
0
0
0
0
0
0
0
0
0
0
0
0
0
0
0
0
0
0
0
0
0
0
0
0
0
0
0
0
0
0
0
0
0
0
0
0
0
0
0
0
0
0
0
0
0
0
0
0
0
0
0
0
0
0
0
0
0
0
0
0
0
0
0
0
0
0
0
0
0
0
0
0
0
0
0
0
0
0
0
0
0
0
0
0
0
0
0
0
0
0
0
0
0
0
0
0
0
0
0
0
0
0
0
0
0
0
0
0
0
0
0
0
0
0
0
0
0
0
0
0
0
0
0
0
1
21
0
0
0
0
1
0
0
0
0
0
0
11
0
4
0
0
12
0
0
0
0
0
0
0
0
0
0
0
0
0
0
0
0
0
0
0
0
6
0
0
0
0
0
42
0
0
5
0
0
6
0
0
0
36
0
0
0
3
0
0
0
0
0
17
25
0
4
0
0
0
54
0
56
0
0
0
0
8
6
0
0
11
0
0
7
0
0
0
23
6
8
0
0
1
5
0
0
0
4
14
0
0
0
0
2
37
22
0
54
6
0
18
0
0
5
0
0
0
1
0
0
3
10
25
0
11
0
0
1
17
0
0
0
0
14
0
0
0
0
0
0
0
0
0
0
0
10
0
0
0
0
0
0
0
0
0
0
0
0
0
0
0
0
0
0
0
