8
0
0
0
0
0
0
0
0
0
0
0
0
0
0
0
0
0
0
0
0
0
0
0
0
3
0
0
0
16
2
34
0
0
0
0
0
2
13
0
4
0
35
18
0
0
0
0
0
0
0
0
0
2
8
0
0
0
2
0
0
0
3
18
0
0
1
0
1
15
0
16
15
0
0
16
0
16
21
15
0
0
4
1
5
0
46
0
17
12
0
0
0
0
0
0
0
0
32
1
0
3
0
14
0
0
0
0
27
0
0
0
0
0
40
0
0
0
0
0
0
0
0
0
0
0
0
0
0
0
0
0
0
0
0
0
0
0
0
0
0
0
0
0
0
0
0
0
0
0
0
0
0
0
0
0
0
0
0
0
0
0
0
0
0
0
0
0
0
0
0
0
0
0
0
0
0
0
0
0
0
0
0
0
0
0
0
0
0
0
0
0
0
0
0
0
0
0
0
0
0
0
0
0
0
0
0
0
0
0
0
0
0
0
0
0
0
0
0
0
0
0
0
0
0
0
0
0
0
0
0
0
0
0
0
0
0
0
0
0
0
0
0
0
0
0
0
0
0
0
0
0
0
0
0
0
0
0
0
0
0
0
0
0
0
0
0
0
0
0
0
0
0
0
0
0
0
0
0
0
0
0
0
0
0
0
0
0
0
0
0
0
0
0
0
0
0
0
0
0
0
0
0
0
0
0
0
0
0
0
0
0
0
0
0
0
0
0
0
0
0
0
0
0
0
0
0
0
0
0
0
0
0
0
0
0
0
0
0
0
0
0
0
0
0
0
0
0
0
0
0
0
0
0
0
0
0
0
0
0
0
0
0
0
0
0
0
0
0
0
0
0
0
0
0
0
21
0
11
0
0
0
9
0
0
0
0
0
0
0
0
24
0
0
0
8
0
0
0
23
0
0
0
0
0
3
0
0
0
0
0
8
0
0
0
0
0
27
0
0
0
15
0
0
0
0
17
0
0
0
25
9
0
22
0
24
0
0
27
17
0
0
13
0
0
1
1
1
5
29
0
9
1
0
0
0
0
0
0
0
8
0
0
0
0
0
0
21
1
2
0
0
0
1
1
1
15
0
0
0
15
0
0
0
0
0
0
0
0
0
0
23
0
21
0
0
0
0
0
0
0
0
0
0
0
0
0
0
0
0
0
0
0
0
0
0
0
0
0
0
0
0
0
0
0
0
0
0
0
0
0
0
0
0
0
0
0
0
0
0
0
0
0
0
0
0
0
0
0
0
0
0
0
0
0
0
0
0
0
0
0
0
0
0
0
0
0
0
0
0
0
0
0
0
0
0
0
0
0
0
0
0
0
0
0
0
0
0
0
0
0
0
0
0
0
0
0
0
0
0
0
0
0
0
0
0
0
0
0
0
0
0
0
0
0
0
0
0
0
0
0
0
0
0
0
0
0
0
0
0
0
0
0
0
0
0
0
0
0
0
0
0
0
0
0
0
0
0
0
0
0
0
0
0
0
0
0
0
0
0
0
0
0
0
0
0
0
0
0
0
0
0
0
0
0
0
0
0
0
0
0
0
0
0
0
0
0
0
0
0
0
0
0
0
0
0
0
0
0
0
0
0
0
0
0
0
0
0
0
0
0
0
0
0
0
0
0
0
0
0
0
0
0
0
0
0
0
0
0
0
0
0
0
0
0
0
0
0
0
0
11
0
0
0
0
0
0
0
2
0
0
0
0
0
0
0
0
0
0
0
39
8
0
0
0
0
0
4
0
20
0
0
0
2
0
0
42
0
0
2
0
5
0
40
0
0
0
0
41
9
0
0
10
0
2
0
0
1
0
72
0
23
0
0
28
0
7
0
1
0
1
6
0
0
0
2
0
1
0
0
0
0
0
0
0
1
0
0
0
0
0
0
15
0
0
6
0
0
0
0
0
0
0
0
0
0
0
0
1
0
0
0
15
0
0
0
0
0
0
0
0
0
1
0
0
0
0
0
0
0
0
0
0
0
0
0
0
0
